The CN tower is located here:
Latitude: 43.643865
Longitude: -79.388545